/*--------------------------------*- C++ -*----------------------------------*\
  =========                 |
  \\      /  F ield         | OpenFOAM: The Open Source CFD Toolbox
   \\    /   O peration     | Website:  https://openfoam.org
    \\  /    A nd           | Version:  9
     \\/     M anipulation  |
\*---------------------------------------------------------------------------*/
FoamFile
{
    format      ascii;
    class       regIOobject;
    location    "constant/polyMesh";
    object      cellZones;
}
// * * * * * * * * * * * * * * * * * * * * * * * * * * * * * * * * * * * * * //

1
(
MRF
{
    type cellZone;
cellLabels      List<label> 
7829
(
378
392
393
394
395
396
408
409
410
411
412
424
425
426
427
428
441
442
443
444
457
458
459
460
596
610
611
612
613
614
627
628
629
630
631
643
644
645
646
647
660
661
662
663
664
677
678
679
680
816
817
831
832
833
834
835
847
848
849
850
851
852
864
865
866
867
868
881
882
883
884
885
898
899
900
901
1037
1038
1052
1053
1054
1055
1056
1068
1069
1070
1071
1072
1073
1085
1086
1087
1088
1089
1102
1103
1104
1105
1106
1119
1120
1121
1122
1258
1259
1273
1274
1275
1276
1277
1289
1290
1291
1292
1293
1294
1306
1307
1308
1309
1310
1323
1324
1325
1326
1327
1340
1341
1342
1343
1479
1480
1494
1495
1496
1497
1498
1510
1511
1512
1513
1514
1515
1527
1528
1529
1530
1531
1544
1545
1546
1547
1548
1561
1562
1563
1564
1700
1701
1715
1716
1717
1718
1719
1732
1733
1734
1735
1736
1748
1749
1750
1751
1752
1765
1766
1767
1768
1769
1782
1783
1784
1785
1921
1922
1936
1937
1938
1939
1940
1952
1953
1954
1955
1956
1957
1969
1970
1971
1972
1985
1986
1987
1988
1989
2002
2003
2004
2005
2142
2156
2157
2158
2159
2160
2172
2173
2174
2175
2176
2177
2189
2190
2191
2192
2193
2206
2207
2208
2221
2222
2223
2224
2360
2361
2375
2376
2377
2378
2379
2391
2392
2393
2394
2395
2396
2408
2409
2410
2411
2412
2425
2426
2427
2428
2429
2442
2443
2444
2445
2581
2582
2596
2597
2598
2599
2600
2612
2613
2614
2615
2616
2617
2629
2630
2631
2632
2633
2646
2647
2648
2649
2650
2663
2664
2665
2666
2803
2817
2818
2819
2820
2821
2834
2835
2836
2837
2838
2850
2851
2852
2853
2854
2867
2868
2869
2870
2871
2884
2885
2886
2887
5183
5184
5189
5190
5191
5195
5197
5198
5204
5205
5217
5219
5223
5225
5231
5232
5233
5237
5238
5239
5240
5244
5245
5246
5247
5251
5253
5254
5258
5259
5261
5265
5266
5267
5268
5272
5273
5274
5275
5279
5280
5281
5287
5289
5293
5295
5307
5308
5314
5315
5317
5321
5322
5323
5328
5329
5391
5392
5393
5395
5396
5397
5404
5405
5406
5407
5408
5409
5410
5411
5412
5413
5414
5415
5416
5417
5418
5419
5420
5421
5423
5425
5427
5432
5433
5434
5436
5437
5438
5439
5440
5441
5442
5443
5444
5445
5446
5447
5448
5449
5450
5451
5452
5453
5454
5455
5456
5457
5458
5459
5463
5464
5465
5466
5467
5468
5469
5470
5471
5472
5473
5474
5475
5476
5477
5478
5479
5480
5481
5482
5483
5484
5485
5486
5488
5489
5490
5495
5497
5499
5501
5502
5503
5504
5505
5506
5507
5508
5509
5510
5511
5512
5513
5514
5515
5516
5517
5518
5519
5520
5523
5524
5526
5527
5528
5654
5655
5656
5657
5658
5659
5660
5661
5662
5663
5664
5665
5666
5667
5668
5669
5670
5671
5672
5673
5674
5682
5683
5684
5685
5686
5687
5688
5689
5690
5691
5692
5693
5694
5695
5696
5697
5698
5699
5700
5701
5702
5703
5704
5705
5710
5711
5712
5713
5714
5715
5716
5717
5718
5719
5720
5721
5722
5723
5724
5725
5726
5727
5728
5729
5730
5731
5732
5733
5734
5742
5743
5744
5745
5746
5747
5748
5749
5750
5751
5752
5753
5754
5755
5756
5757
5758
5759
5760
5761
5762
5865
5867
5869
5871
5872
5873
5874
5875
5876
5877
5878
5879
5880
5881
5882
5883
5884
5886
5888
5890
5892
5893
5894
5896
5897
5898
5899
5900
5901
5902
5903
5904
5905
5906
5907
5908
5909
5910
5911
5912
5913
5914
5915
5916
5917
5918
5919
5920
5921
5922
5923
5924
5925
5926
5927
5928
5929
5930
5931
5933
5934
5937
5938
5939
5941
5943
5944
5947
5948
5949
5950
5951
5952
5953
5954
5955
5956
5957
5958
5959
5960
5961
5962
5963
5964
5966
5967
5968
5969
5970
5971
5972
5973
5974
5975
5976
5977
5978
5979
5980
5981
5982
5983
5984
5985
5986
5987
5988
5989
5990
5992
5993
5995
5996
5997
5998
5999
6000
6001
6002
6003
6004
6005
6006
6007
6008
6009
6010
6011
6012
6013
6014
6015
6017
6018
6019
6021
6024
6025
6028
6029
6030
6032
6033
6035
6036
6038
6039
6041
6042
6045
6046
6047
6048
6049
6050
6051
6052
6053
6054
6055
6056
6057
6058
6059
6060
6061
6062
6063
6064
6066
6067
6068
6070
6071
6072
6073
6074
6075
6076
6077
6078
6079
6081
6084
6085
6086
6087
6088
6089
6090
6091
6092
6093
6094
6095
6096
6097
6099
6102
6104
6107
6108
6112
6113
6116
6117
6118
6119
6120
6122
6123
6124
6126
6127
6128
6129
6130
6131
6132
6133
6134
6135
6136
6137
6138
6139
6140
6141
6142
6143
6144
6145
6146
6147
6148
6149
6150
6151
6152
6153
6154
6155
6156
6157
6158
6159
6160
6161
6162
6163
6164
6165
6166
6167
6168
6169
6170
6171
6172
6173
6174
6175
6177
6178
6179
6180
6181
6183
6185
6187
6188
6189
6190
6191
6192
6193
6194
6195
6196
6197
6198
6199
6200
6202
6204
6206
6208
6211
6212
6215
6216
6217
6218
6219
6220
6221
6222
6223
6224
6225
6226
6227
6228
6229
6230
6231
6232
6233
6234
6235
6236
6237
6238
6239
6240
6241
6242
6251
6252
6257
6258
6259
6265
6266
6272
6273
6285
6287
6293
6299
6300
6301
6307
6308
6313
6315
6320
6321
6327
6329
6335
6348
6355
6357
6362
6363
6369
6855
6856
6857
6858
6862
6863
6864
6865
6869
6870
6871
6872
6876
6877
6878
6879
6911
6912
6913
6914
6918
6919
6920
6921
6946
6947
6948
6949
6953
6954
6955
6956
6981
6982
6983
6984
6988
6989
6990
6991
6995
6996
6997
6998
7002
7003
7004
7005
7154
7155
7158
7159
7160
7161
7162
7164
7165
7166
7168
7169
7170
7171
7172
7173
7175
7176
7179
7180
7191
7193
7195
7197
7198
7199
7200
7201
7202
7203
7204
7205
7206
7207
7208
7209
7210
7211
7212
7214
7215
7216
7218
7237
7238
7239
7241
7242
7243
7244
7245
7246
7247
7248
7249
7250
7251
7252
7253
7254
7255
7256
7257
7258
7259
7260
7261
7262
7263
7264
7265
7266
7267
7268
7269
7281
7282
7283
7284
7285
7286
7287
7288
7289
7290
7291
7292
7310
7311
7312
7313
7314
7315
7316
7317
7318
7319
7320
7321
7322
7323
7324
7325
7326
7327
7328
7329
7330
7331
7332
7333
7334
7336
7338
7340
7362
7365
7366
7369
7371
7372
7373
7374
7375
7376
7377
7378
7379
7380
7381
7382
7385
7386
7575
7576
7577
7578
7579
7580
7581
7596
7597
7598
7599
7600
7601
7602
7604
7606
7608
7627
7628
7629
7630
7631
7632
7633
7634
7635
7636
7637
7638
7639
7640
7641
7642
7643
7644
7645
7646
7647
7658
7659
7660
7661
7662
7663
7664
7665
7666
7668
7669
7670
7671
7686
7688
7690
7692
7693
7694
7695
7696
7697
7698
7699
7700
7701
7702
7703
7704
7705
7706
7707
7708
7709
7710
7711
7712
7713
7724
7725
7727
7728
7729
7730
7838
7839
7840
7841
7842
7843
7844
7845
7846
7847
7848
7849
7850
7851
7852
7853
7854
7855
7856
7857
7858
7859
7860
7861
7862
7863
7864
7865
7867
7868
7871
7872
7873
7874
7875
7876
7877
7878
7879
7880
7881
7882
7883
7884
7885
7886
7887
7888
7889
7890
7891
7892
7893
7894
7895
7896
7897
7898
7899
7900
7901
7902
7903
7904
7905
7906
7907
7908
7909
7910
7911
7912
7913
7914
7915
7916
7919
7920
7944
7946
7948
7950
7951
7952
7953
7954
7955
7956
7957
7958
7959
7960
7961
7962
7963
7965
7967
7969
7978
7979
7980
7982
7983
7984
7985
7986
7987
7988
7989
7990
7991
7992
7993
7994
7995
7996
7997
7998
7999
8000
8008
8009
8010
8011
8012
8013
8014
8015
8016
8017
8018
8019
8020
8021
8022
8023
8024
8025
8026
8027
8028
8030
8032
8034
8035
8036
8037
8038
8039
8040
8041
8042
8043
8044
8045
8046
8048
8050
8052
8054
8055
8056
8057
8058
8059
8060
8061
8062
8063
8064
8065
8066
8067
8068
8069
8070
8071
8072
8073
8102
8103
8104
8105
8106
8107
8108
8109
8111
8113
8115
8116
8117
8118
8119
8120
8121
8122
8123
8124
8125
8126
8127
8128
8129
8130
8131
8132
8133
8134
8135
8136
8137
8138
8139
8140
8141
8142
8143
8144
8145
8146
8147
8148
8149
8150
8151
8152
8153
8154
8155
8156
8157
8165
8166
8167
8168
8169
8170
8171
8172
8173
8174
8175
8176
8177
8178
8179
8180
8181
8182
8183
8184
8186
8187
8188
8197
8198
8201
8202
8204
8205
8206
8207
8208
8209
8210
8211
8212
8213
8214
8215
8237
8238
8239
8240
8241
8242
8243
8244
8245
8246
8247
8248
8249
8250
8251
8252
8253
8254
8255
8256
8257
8258
8260
8261
8262
8263
8264
8265
8266
8267
8268
8269
8270
8271
8272
8273
8274
8275
8276
8277
8278
8279
8280
8281
8282
8283
8284
8285
8286
8287
8288
8289
8290
8291
8292
8293
8294
8295
8296
8297
8298
8299
8300
8301
8302
8303
8304
8305
8306
8307
8308
8309
8310
8311
8312
8313
8322
8323
8326
8327
8328
8329
8330
8331
8332
8333
8334
8335
8336
8337
8338
8339
8340
8341
8342
8343
8344
8345
8346
8347
8348
8349
8350
8351
8352
8353
8354
8355
8356
8357
8358
8359
8360
8361
8362
8363
8364
8365
8366
8367
8368
8369
8370
8371
8372
8373
8374
8375
8376
8377
8378
8379
8380
8381
8382
8383
8384
8387
8388
8391
8392
8393
8394
8395
8396
8397
8406
8407
8410
8411
8412
8413
8414
8416
8417
8418
8419
8420
8421
8422
8424
8425
8427
8428
8431
8432
8440
8442
8444
8446
8448
8450
8452
8454
8455
8456
8458
8459
8460
8461
8462
8463
8464
8466
8467
8468
8469
8470
8471
8472
8474
8475
8476
8477
8478
8479
8480
8482
8484
8486
8488
8490
8492
8494
8503
8506
8507
8510
8511
8512
8513
8514
8516
8517
8518
8519
8520
8521
8522
8524
8527
8528
8573
8574
8575
8577
8578
8579
8580
8581
8582
8583
8584
8585
8586
8587
8589
8591
8593
8608
8609
8610
8615
8616
8617
8622
8624
8625
8626
8628
8643
8644
8645
8647
8648
8649
8650
8651
8655
8656
8674
8675
8676
8677
8678
8679
8680
8681
8682
8686
8687
8688
8706
8707
8710
8711
8713
8714
8715
8720
8721
8722
8734
8735
8737
8738
8739
9035
9036
9037
9038
9039
9040
9041
9042
9043
9044
9045
9046
9047
9048
9070
9071
9072
9073
9074
9075
9076
9077
9078
9079
9080
9081
9082
9083
9311
9312
9313
9314
9315
9316
9317
9318
9319
9320
9321
9322
9323
9324
9325
9326
9327
9328
9329
9331
9332
9333
9334
9335
9336
9337
9338
9339
9340
9341
9342
9343
9344
9345
9346
9347
9348
9349
9350
9351
9352
9353
9354
9355
9363
9364
9365
9366
9367
9368
9369
9370
9371
9372
9373
9374
9375
9376
9377
9378
9379
9380
9381
9382
9383
9384
9385
9386
9387
9388
9389
9390
9391
9392
9393
9394
9395
9396
9397
9398
9399
9400
9401
9402
9403
9404
9405
9406
9407
9408
9409
9410
9411
9412
9413
9414
9415
9416
9417
9418
9419
9421
9423
9424
9431
9432
9433
9434
9435
9436
9437
9439
9440
9441
9442
9443
9444
9445
9446
9447
9448
9449
9450
9451
9452
9453
9454
9455
9456
9457
9458
9459
9460
9461
9462
9463
9464
9465
9466
9467
9468
9469
9470
9471
9472
9473
9474
9475
9476
9477
9478
9479
9480
9481
9482
9483
9484
9485
9486
9487
9488
9489
9490
9491
9492
9493
9494
9495
9496
9497
9498
9499
9500
9501
9502
9503
9504
9505
9506
9507
9508
9509
9510
9511
9512
9513
9514
9515
9516
9517
9518
9519
9520
9521
9522
9523
9524
9525
9526
9537
9538
9539
9540
9541
9542
9543
9544
9545
9546
9547
9548
9549
9550
9551
9552
9553
9554
9555
9556
9557
9558
9559
9560
9561
9562
9563
9564
9565
9566
9567
9568
9569
9570
9571
9572
9573
9574
9575
9576
9577
9578
9579
9580
9581
9582
9583
9584
9585
9586
9587
9588
9589
9590
9591
9592
9593
9594
9595
9596
9597
9598
9599
9600
9601
9602
9603
9604
9605
9606
9607
9608
9609
9610
9611
9612
9613
9614
9615
9616
9617
9618
9619
9620
9621
9622
9623
9624
9625
9626
9627
9628
9629
9630
9631
9632
9633
9634
9635
9636
9637
9639
9640
9641
9642
9643
9644
9645
9646
9647
9649
9650
9651
9652
9653
9664
9665
9667
9668
9669
9671
9672
9673
9675
9677
9678
9679
9680
9681
9682
9683
9684
9685
9686
9687
9688
9689
9690
9691
9692
9693
9694
9695
9696
9697
9698
9699
9700
9701
9702
9703
9704
9705
9706
9707
9708
9709
9710
9711
9712
9713
9714
9715
9716
9717
9718
9719
9720
9721
9728
9729
9730
9731
9732
9733
9734
9735
9736
9737
9738
9739
9740
9741
9742
9743
9745
9746
9747
9748
9749
9750
9751
9752
9753
9754
9755
9756
9757
9758
9759
9760
9761
9762
9763
9764
9765
9766
9767
9769
9770
9771
9772
9773
9955
9956
9957
9958
9959
9960
9961
9962
9963
9964
9965
9966
9967
9968
9969
9970
9971
9972
9973
9974
9975
9976
9977
9978
9979
9980
9981
9982
9993
9994
9995
9996
9997
9998
9999
10000
10001
10002
10003
10004
10005
10006
10007
10008
10009
10010
10011
10012
10013
10014
10015
10016
10017
10018
10019
10020
10021
10022
10023
10024
10025
10026
10027
10028
10029
10030
10031
10032
10033
10034
10045
10046
10047
10048
10049
10050
10051
10052
10053
10054
10055
10056
10057
10058
10059
10060
10061
10062
10063
10064
10065
10066
10067
10068
10069
10070
10071
10072
10073
10074
10075
10076
10077
10078
10079
10080
10081
10082
10083
10084
10085
10086
10087
10088
10089
10090
10091
10092
10093
10103
10104
10105
10106
10107
10108
10109
10110
10111
10112
10113
10114
10115
10116
10267
10268
10269
10270
10271
10272
10273
10274
10275
10276
10277
10278
10279
10280
10281
10282
10283
10284
10285
10286
10287
10288
10289
10290
10291
10292
10293
10294
10295
10296
10297
10298
10299
10300
10301
10302
10303
10304
10305
10306
10307
10308
10309
10310
10311
10312
10313
10314
10315
10316
10317
10318
10319
10320
10321
10322
10323
10324
10325
10326
10327
10328
10329
10330
10331
10332
10333
10334
10335
10336
10337
10338
10339
10340
10341
10342
10343
10344
10345
10346
10347
10348
10349
10350
10351
10352
10353
10354
10355
10356
10357
10358
10359
10360
10361
10362
10363
10364
10365
10366
10367
10368
10369
10370
10371
10372
10373
10374
10375
10376
10377
10378
10379
10380
10381
10382
10383
10384
10385
10386
10387
10389
10390
10391
10392
10393
10394
10395
10396
10397
10398
10399
10400
10401
10403
10404
10405
10407
10408
10411
10413
10414
10415
10416
10417
10418
10419
10420
10421
10423
10425
10426
10427
10428
10429
10430
10431
10432
10433
10434
10435
10436
10437
10438
10439
10440
10441
10442
10443
10444
10445
10446
10447
10448
10449
10450
10451
10452
10453
10454
10455
10456
10457
10458
10459
10460
10461
10462
10463
10464
10465
10466
10467
10468
10469
10470
10471
10472
10473
10474
10475
10476
10477
10478
10479
10480
10481
10482
10483
10484
10485
10486
10487
10488
10489
10490
10491
10492
10493
10494
10495
10496
10497
10498
10499
10500
10501
10502
10503
10504
10505
10506
10507
10508
10509
10510
10511
10512
10513
10514
10515
10516
10517
10518
10519
10520
10521
10522
10523
10525
10526
10527
10528
10529
10530
10531
10532
10533
10534
10535
10536
10537
10538
10539
10540
10541
10542
10543
10544
10545
10546
10547
10548
10549
10550
10551
10552
10553
10554
10555
10556
10557
10558
10559
10560
10561
10562
10563
10564
10565
10566
10567
10568
10569
10570
10571
10572
10573
10574
10575
10576
10577
10578
10579
10580
10581
10582
10583
10584
10585
10586
10587
10588
10589
10590
10591
10592
10593
10594
10596
10598
10599
10600
10601
10602
10603
10604
10605
10606
10607
10609
10610
10611
10612
10613
10614
10615
10616
10617
10619
10620
10621
10622
10623
10624
10625
10626
10627
10628
10629
10630
10631
10632
10633
10634
10635
10636
10637
10638
10639
10640
10641
10642
10643
10644
10645
10646
10647
10648
10649
10650
10651
10652
10653
10654
10655
10656
10657
10658
10659
10660
10661
10662
10663
10664
10665
10666
10667
10668
10669
10670
10671
10672
10673
10674
10675
10676
10677
10678
10679
10680
10681
10682
10683
10684
10685
10686
10687
10688
10689
10690
10691
10692
10693
10695
10696
10697
10699
10700
10701
10702
10703
10704
10705
10706
10707
10708
10709
10710
10711
10712
10713
10714
10715
10716
10717
10718
10719
10720
10721
10722
10723
10724
10725
10726
10727
10728
10729
10730
10731
10732
10733
10734
10735
10736
10737
10738
10739
10740
10741
10742
10743
10744
10745
10746
10747
10748
10749
10750
10751
10752
10753
10754
10755
10756
10757
10758
10759
10760
10762
10764
10766
10767
10768
10769
10770
10771
10772
10773
10774
10775
10776
10777
10778
10779
10780
10781
10782
10783
10784
10785
10786
10787
10788
10789
10790
10791
10792
10793
10794
10795
10796
10797
10799
10800
10801
10803
10804
10805
10806
10807
10808
10809
10810
10811
10814
10815
10816
10818
10819
10820
10822
10823
10824
10825
10826
10827
10828
10829
10830
10831
10832
10833
10834
10835
10836
10837
10838
10839
10840
10841
10842
10843
10844
10845
10846
10847
10848
10849
10850
10851
10852
10853
10854
10855
10856
10857
10858
10859
10860
10861
10862
10863
10864
10865
10866
10867
10868
10869
10870
10871
10872
10873
10874
10875
10876
10877
10878
10879
10880
10881
10882
10883
10884
10885
10886
10887
10888
10889
10890
10891
10892
10893
10894
10895
10896
10897
10898
10899
10900
10901
10902
10903
10904
10905
10906
10907
10908
10909
10910
10911
10912
10913
10914
10915
10916
10917
10918
10919
10920
10921
10922
10923
10924
10925
10926
10927
10928
10929
10930
10931
10932
10933
10934
10935
10936
10937
10938
10939
10940
10941
10942
10943
10944
10945
10946
10947
10948
10949
10950
10951
10952
10953
10954
10955
10956
10957
10958
10959
10960
10961
10962
10963
10964
10965
10966
10967
10968
10969
10970
10971
10972
10973
10974
10975
10976
10978
10979
10980
10982
10983
10984
10985
10986
10987
10988
10989
10990
10991
10992
10993
10994
10995
10996
10997
10998
10999
11000
11001
11002
11003
11004
11005
11006
11007
11008
11009
11010
11011
11012
11013
11014
11015
11016
11017
11018
11019
11020
11021
11022
11023
11024
11025
11026
11027
11028
11029
11030
11031
11032
11033
11034
11035
11036
11037
11038
11039
11047
11049
11051
11053
11054
11056
11057
11058
11060
11061
11062
11063
11064
11065
11066
11067
11068
11069
11070
11072
11073
11074
11082
11084
11085
11086
11088
11096
11098
11099
11100
11102
11103
11105
11107
11109
11117
11119
11121
11123
11124
11125
11126
11127
11128
11129
11130
11131
11132
11133
11135
11136
11137
11138
11139
11140
11141
11142
11143
11144
11145
11146
11147
11149
11150
11151
11152
11153
11154
11155
11156
11157
11158
11159
11160
11161
11163
11164
11165
11173
11174
11176
11177
11178
11180
11181
11184
11185
11187
11188
11190
11191
11192
11215
11216
11219
11220
11222
11223
11224
11226
11227
11228
11229
11230
11231
11232
11233
11234
11235
11236
11237
11238
11239
11240
11241
11242
11243
11244
11245
11247
11248
11249
11250
11251
11253
11254
11255
11257
11258
11261
11262
13309
13310
13311
13312
13313
13314
13315
13323
13324
13325
13326
13327
13328
13329
13341
13342
13343
13344
13345
13346
13371
13373
13374
13375
13376
13377
13378
13379
13380
13381
13382
13383
13384
13540
13541
13544
13545
13546
13547
13548
13549
13550
13551
13552
13554
13555
13558
13559
13574
13576
13578
13580
13588
13589
13590
13591
13592
13593
13594
13619
13620
13621
13622
13623
13624
13625
13626
13627
13642
13643
13644
13645
13646
13647
13648
13650
13652
13654
13670
13673
13674
13677
13678
13679
13680
13681
13682
13683
13684
13687
13688
13894
13895
13898
13899
13900
13901
13902
13903
13904
13905
13906
13907
13908
13909
13910
13911
13912
13913
13915
13916
13919
13920
13953
13955
13957
13959
13961
13963
13965
14002
14003
14004
14005
14006
14007
14008
14009
14010
14011
14012
14013
14014
14015
14016
14017
14018
14019
14020
14021
14022
14023
14024
14025
14061
14062
14063
14064
14065
14066
14067
14068
14069
14070
14071
14072
14073
14074
14075
14076
14077
14078
14079
14080
14081
14082
14083
14084
14085
14121
14123
14125
14127
14129
14131
14133
14166
14169
14170
14173
14174
14175
14176
14177
14178
14179
14180
14181
14182
14183
14184
14185
14186
14187
14190
14191
14517
14518
14521
14522
14523
14524
14525
14526
14527
14528
14529
14530
14531
14532
14533
14534
14535
14536
14538
14539
14542
14543
14576
14578
14580
14582
14584
14586
14588
14625
14626
14627
14628
14629
14630
14631
14632
14633
14634
14635
14636
14637
14638
14674
14675
14676
14677
14678
14679
14680
14681
14682
14683
14684
14685
14686
14687
14723
14725
14727
14729
14731
14733
14735
14768
14771
14772
14775
14776
14777
14778
14779
14780
14781
14782
14783
14784
14785
14786
14787
14788
14789
14792
14793
15119
15120
15123
15124
15125
15126
15127
15128
15129
15130
15131
15132
15133
15134
15135
15136
15137
15138
15140
15141
15144
15145
15178
15180
15182
15184
15185
15186
15187
15188
15189
15190
15191
15193
15195
15197
15234
15235
15236
15237
15238
15239
15240
15241
15242
15243
15244
15245
15246
15247
15248
15249
15250
15286
15287
15288
15289
15290
15291
15292
15293
15294
15295
15296
15297
15298
15299
15300
15301
15302
15303
15304
15340
15342
15344
15346
15348
15350
15352
15385
15388
15389
15392
15393
15394
15395
15396
15397
15398
15399
15402
15403
15722
15723
15726
15727
15728
15729
15730
15731
15732
15733
15734
15735
15736
15737
15738
15739
15740
15741
15767
15768
15769
15770
15771
15772
15773
15802
15803
15804
15805
15806
15807
15808
15844
15845
15846
15847
15848
15849
15850
15851
15852
15853
15854
15855
15856
15857
15858
15859
15860
15861
15862
15863
15864
15865
15866
15867
15868
15869
15870
15906
15908
15910
15912
15914
15916
15918
15951
15954
15955
16260
16261
16264
16265
16266
16267
16268
16269
16270
16271
16272
16291
16292
16293
16294
16295
16317
16318
16319
16320
16321
16322
16323
16324
16325
16326
16355
16356
16357
16358
16359
16360
16361
16362
16363
16392
16393
16394
16395
16396
16397
16422
16425
16426
16717
16718
16721
16722
16755
16757
16759
16761
16762
16763
16764
16765
16766
16768
16770
16772
16809
16810
16811
16812
16813
16814
16815
16844
16845
16846
16847
16848
16877
16878
16879
16880
16881
16882
16883
16884
16885
16886
16911
16914
16915
16918
16919
16920
16921
16922
16923
16924
16925
16926
16928
16929
16930
16931
16932
16933
16934
16935
16936
16937
16938
17226
17227
17228
17230
17231
17232
17234
17235
17238
17239
17272
17274
17276
17278
17279
17280
17281
17282
17283
17284
17285
17286
17287
17288
17289
17290
17292
17294
17296
17333
17334
17335
17336
17337
17338
17339
17375
17376
17377
17378
17379
17380
17381
17382
17383
17384
17385
17386
17387
17388
17389
17418
17419
17420
17421
17422
17423
17424
17442
17443
17444
17445
17446
17447
17448
17449
17452
17453
17764
17765
17766
17767
17768
17769
17770
17772
17773
17776
17777
17810
17812
17814
17816
17818
17820
17822
17859
17860
17861
17862
17863
17864
17865
17866
17867
17868
17869
17870
17871
17872
17873
17874
17875
17911
17912
17913
17914
17915
17916
17917
17918
17919
17920
17921
17922
17923
17924
17925
17926
17927
17928
17929
17930
17931
17932
17933
17934
17935
17971
17973
17975
17977
17979
17981
17983
18016
18017
18018
18019
18020
18021
18022
18023
18026
18027
18342
18343
18344
18345
18346
18347
18348
18349
18350
18351
18352
18353
18354
18355
18356
18357
18358
18359
18360
18361
18362
18363
18364
18365
18366
18367
18368
18369
18398
18399
18400
18401
18402
18403
18404
18405
18406
18407
18408
18409
18410
18411
18412
18413
18414
18415
18416
18417
18418
18454
18455
18456
18457
18458
18459
18460
18461
18462
18463
18464
18465
18466
18467
18468
18469
18470
18471
18472
18473
18474
18475
18476
18505
18506
18507
18508
18509
18510
18511
18512
18513
18514
18515
18516
18517
18518
18519
18520
18521
18522
18523
18524
18525
18526
18527
18528
18529
18530
18531
18532
18834
18835
18836
18841
18842
18843
18869
18870
18871
18876
18877
18878
18879
18880
18881
18882
18883
18884
18885
18911
18912
18913
18918
18919
18920
18921
18922
18923
18924
18925
18926
18927
18928
18929
18955
18956
18957
18962
18963
18964
18969
18970
18971
18972
18973
18974
18975
18993
18994
18995
18996
18997
18998
18999
23707
23710
23712
23713
23714
23715
23717
23719
23720
23721
23722
23723
23724
23725
23726
23727
23728
23730
23731
23732
23733
23734
23735
23736
23737
23738
23739
23740
23741
23742
23743
23744
23745
23746
23747
23748
23749
23751
23752
23753
23754
23755
23756
23759
23761
23762
23770
23771
23772
23773
23774
23775
23776
23777
23778
23780
23782
23783
23798
23799
23801
23803
23804
23805
23808
23810
23811
23812
23813
23814
23815
23816
23817
23818
23819
23820
23822
23824
23825
23833
23834
23835
23836
23837
23838
23839
23840
23843
23845
23846
23847
23849
23850
23851
23852
23853
23854
23855
23856
23857
23858
23859
23860
23861
23862
23863
23864
23865
23866
23867
23868
23869
23870
23871
23872
23873
23874
23875
23876
23877
23878
23879
23880
23881
23882
23883
23884
23885
23886
23887
23888
23889
23891
23892
23893
23894
23895
23896
23897
23898
23899
23900
23901
23902
23903
23904
23905
23906
23907
23908
23909
23910
23911
23912
23913
23914
23915
23916
23917
23918
23919
23920
23921
23922
23923
23924
23926
23927
23928
23929
23930
23931
23932
23933
23934
23935
23936
23937
23938
23939
23940
23941
23942
23943
23944
23945
23946
23947
23948
23949
23950
23951
23952
23953
23954
23955
23956
23957
23958
23959
23960
23961
23962
23963
23964
23965
23966
23968
23969
23970
23971
23972
23973
23975
23977
23979
23980
23981
23982
23983
23984
23985
23986
23994
23995
23996
23998
24000
24001
24002
24003
24004
24005
24006
24007
24008
24010
24012
24014
24015
24016
24017
24019
24021
24036
24037
24038
24040
24042
24043
24044
24045
24046
24047
24048
24049
24057
24059
24061
24063
24064
24066
24067
24068
24069
24070
24071
24072
24073
24074
24075
24076
24077
24078
24079
24080
24081
24082
24083
24084
24085
24087
24088
24089
24090
24091
24092
24093
24094
24095
24096
24097
24098
24099
24100
24101
24103
24105
24106
24108
24110
24112
24202
24203
24204
24205
24206
24207
24208
24209
24210
24211
24212
24213
24214
24215
24216
24217
24218
24219
24220
24221
24222
24223
24224
24225
24226
24227
24228
24229
24230
24231
24232
24233
24234
24238
24239
24240
24241
24242
24243
24244
24245
24246
24247
24248
24249
24250
24251
24252
24253
24254
24255
24256
24257
24258
24259
24260
24261
24262
24263
24264
24265
24266
24267
24268
24269
24270
24271
24272
24273
24274
24275
24279
24280
24281
24282
24283
24284
24285
24286
24287
24288
24289
24290
24291
24292
24293
24294
24295
24296
24297
24298
24299
24300
24301
24302
24303
24304
24305
24306
24307
24308
24309
24313
24314
24315
24316
24317
24318
24319
24320
24321
24322
24323
24324
24325
24326
24327
24328
24329
24330
24331
24332
24333
24334
24335
24336
24337
24338
24339
24340
24341
24342
24343
24344
24345
24346
24347
24348
24349
24350
24351
24352
24554
24555
24556
24557
24558
24559
24560
24580
24581
24582
24583
24584
24585
24586
24587
24588
24589
24590
24591
24592
24593
24594
24595
24596
24597
24598
24599
24600
24601
24602
24603
24604
24605
24606
24607
24608
24609
24610
24611
24612
24613
24614
24615
24626
24627
24628
24629
24630
24631
24632
24633
24634
24635
24636
24637
24638
24639
24640
24641
24642
24643
24644
24645
24646
24647
24648
24649
24650
24651
24652
24653
24654
24655
24656
24657
24658
24659
24842
24843
24844
24845
24846
24847
24848
24849
24850
24851
24852
24853
24854
24855
24856
24857
24858
24859
24860
24861
24862
24863
24864
24865
24866
24867
24868
24869
24870
24871
24872
24873
24874
24875
24876
24878
24879
24880
24881
24882
24883
24884
24885
24886
24887
24888
24889
24890
24891
24892
24893
24894
24895
24896
24897
24898
24899
24900
24901
24902
24903
24904
24905
24906
24907
24908
24909
24910
24911
24912
24913
24914
24915
24916
24917
24918
24919
24920
24921
24922
24923
24924
24925
24926
24927
24928
24929
24930
24931
24932
24933
24934
24935
24936
24937
24938
24939
24940
24941
24942
24943
24944
24945
24946
24947
24948
24949
24950
24951
24952
24953
24954
24955
24956
24957
24958
24959
24960
24961
24962
24963
24964
24965
24967
24968
24969
24970
24971
24972
24973
24974
24975
24976
24977
24979
24980
24981
24982
24983
24984
24985
24986
24987
24988
24989
24990
24991
24992
24993
24994
24995
24996
24997
24998
24999
25000
25001
25002
25003
25004
25005
25006
25007
25008
25009
25010
25011
25012
25013
25014
25015
25016
25017
25018
25019
25020
25021
25022
25023
25024
25025
25026
25027
25028
25029
25030
25031
25032
25033
25034
25035
25036
25037
25038
25039
25040
25041
25042
25043
25044
25045
25046
25047
25048
25049
25050
25051
25052
25053
25054
25055
25056
25057
25058
25059
25060
25061
25062
25063
25064
25065
25066
25067
25068
25069
25070
25071
25072
25073
25074
25075
25076
25077
25078
25079
25080
25081
25082
25083
25084
25085
25086
25087
25088
25089
25090
25091
25092
25093
25094
25095
25096
25097
25098
25099
25100
25101
25102
25103
25104
25105
25106
25107
25108
25109
25110
25111
25112
25113
25114
25115
25116
25117
25118
25119
25120
25121
25122
25123
25124
25125
25126
25127
25128
25129
25130
25131
25132
25133
25134
25135
25136
25137
25138
25139
25140
25141
25142
25143
25144
25145
25146
25147
25148
25149
25150
25151
25152
25153
25154
25155
25156
25157
25158
25159
25160
25161
25162
25163
25164
25165
25166
25167
25168
25169
25170
25171
25172
25173
25174
25175
25176
25177
25178
25179
25180
25181
25182
25183
25184
25185
25186
25187
25188
25189
25190
25191
25192
25193
25194
25195
25196
25197
25198
25199
25200
25201
25202
25203
25204
25205
25206
25207
25208
25209
25210
25211
25212
25213
25214
25215
25216
25217
25218
25219
25220
25221
25222
25223
25224
25225
25226
25227
25228
25229
25230
25231
25232
25233
25234
25235
25236
25237
25238
25260
25261
25262
25263
25264
25265
25266
25274
25275
25276
25277
25278
25279
25280
25288
25289
25290
25291
25292
25293
25294
25330
25331
25332
25333
25334
25335
25336
25351
25352
25353
25354
25355
25356
25357
26036
26037
26038
26039
26040
26041
26042
26043
26044
26045
26046
26047
26048
26049
26050
26051
26052
26053
26054
26055
26056
26057
26058
26059
26060
26061
26062
26063
26064
26065
26066
26067
26068
26069
26070
26071
26072
26073
26074
26075
26076
26077
26078
26079
26080
26081
26082
26083
26084
26085
26086
26087
26088
26089
26090
26091
26214
26215
26216
26217
26219
26220
26221
26222
26223
26224
26225
26226
26227
26228
26229
26230
26231
26232
26233
26289
26290
26291
26292
26293
26294
26295
26296
26297
26298
26299
26300
26301
26302
26303
26304
26305
26306
26307
26308
26309
26310
26312
26313
26314
26315
26548
26549
26550
26551
26552
26553
26554
26555
26556
26557
26558
26559
26560
26561
26562
26563
26564
26565
26566
26567
26568
26569
26570
26571
26572
26573
26574
26575
26576
26577
26578
26579
26580
26581
26582
26583
26584
26585
26586
26587
26588
26589
26590
26591
26592
26593
26594
26595
26596
26597
26598
26599
26600
26601
26602
26603
26604
26605
26606
26607
26608
26609
26610
26611
26612
26613
26614
26615
26616
26617
26618
26619
26620
26621
26622
26623
26624
26625
26626
26627
26628
26629
26630
26631
26632
26633
26634
26635
26636
26637
26638
26639
26640
26641
26642
26643
26644
26645
26646
26647
26648
26649
26650
26651
26652
26653
26654
26655
26656
26657
26658
26659
26660
26661
26662
26663
26664
26665
26666
26667
26668
26669
26670
26671
26672
26673
26674
26675
26676
26677
26678
26679
26680
26681
26682
26683
26684
26685
26686
26687
26688
26689
26690
26691
26692
26693
26694
26695
26696
26697
26698
26699
26700
26701
26702
26703
26704
26705
26706
26707
26708
26709
26710
26711
26712
26713
26714
26715
26716
26717
26718
26719
26720
26721
26722
26723
26724
26725
26726
26727
26728
26729
26730
26731
26732
26733
26734
26735
26736
26737
26738
26739
26740
26741
26742
26743
26744
26745
26746
26747
26748
26750
26751
26752
26754
26755
26756
26757
26758
26759
26760
26761
26762
26763
26764
26765
26766
26767
26768
26769
26770
26771
26772
26773
26774
26775
26776
26777
26778
26779
26780
26781
26782
26783
26784
26785
26786
26787
26788
26789
26790
26791
26792
26793
26794
26795
26796
26797
26798
26799
26800
26801
26802
26803
26804
26805
26806
26807
26808
26809
26810
26811
26813
26814
26815
26816
26817
26818
26819
26820
26821
26822
26823
26824
26825
26826
26827
26828
26829
26830
26831
26832
26833
26834
26835
26836
26837
26838
26839
26840
26841
26842
26843
26844
26845
26846
26847
26848
26849
26850
26851
26852
26853
26854
26855
26856
26857
26858
26859
26860
26861
26862
26863
26864
26865
26866
26867
26868
26869
26870
26871
26872
26873
26874
26875
26876
26877
26878
26879
26880
26881
26882
26883
26884
26885
26886
26887
26888
26889
26890
26891
26892
26893
26894
26895
26896
26897
26898
26899
26900
26901
26902
26903
26904
26905
26906
26907
26908
26909
26910
26911
26912
26913
26914
26915
26916
26917
26918
26919
26920
26921
26922
26923
26924
26925
26926
26927
26928
26929
26930
26931
26932
26933
26934
26935
26936
26937
26938
26939
26940
26941
26965
26966
26967
26968
26969
26970
26971
26972
26973
26997
26998
26999
27000
27001
27002
27003
27004
27005
27029
27030
27031
27032
27033
27034
27035
27036
27037
27038
27039
27040
27041
27042
28215
28216
28217
28218
28219
28220
28221
28222
28223
28224
28225
28226
28227
28228
28232
28233
28234
28235
28236
28237
28238
28239
28240
28241
28242
28243
28244
28245
28246
28247
28248
28249
28250
28251
28252
28253
28254
28255
28256
28257
28258
28259
28260
28261
28262
28263
28264
28265
28266
28267
28268
28269
28270
28271
28272
28273
28274
28275
28276
28277
28278
28279
28280
28281
28282
28283
28284
28285
28286
28287
28288
28289
28434
28435
28436
28437
28438
28439
28440
28441
28442
28443
28444
28445
28446
28447
28448
28449
28450
28451
28452
28453
28454
28596
28597
28598
28599
28600
28601
28602
28603
28604
28605
28606
28607
28608
28609
28613
28614
28615
28616
28617
28618
28619
28620
28621
28622
28623
28624
28625
28626
28627
28628
28629
28630
28631
28632
28633
28634
28635
28636
28637
28638
28639
28640
28641
28642
28643
28644
28645
28646
28647
28648
28649
28650
28651
28652
28653
29371
29372
29373
29374
29375
29376
29377
29381
29382
29383
29384
29385
29386
29387
29388
29389
29390
29391
29392
29393
29394
29395
29396
29397
29398
29399
29400
29401
29402
29403
29404
29405
29406
29407
29408
29409
29410
29411
29412
29413
29414
29415
29416
29417
31260
31261
31262
31263
31264
31265
31266
31267
31268
31269
31270
31271
31272
31273
31274
31275
31276
31277
33510
33511
33512
33513
33514
33515
33516
33517
33518
33519
33520
33521
33522
33523
33524
33525
33526
33527
33528
33529
33530
33531
33532
33533
33534
33535
33536
33537
33538
33539
33540
33541
33542
33543
33544
33545
33546
33547
33548
33549
33550
33551
33552
33553
33554
33555
33556
33557
33558
33559
33560
33561
33562
33563
33564
33565
33566
33570
33571
33572
33573
33574
33575
33576
33577
33578
33579
33580
33581
33582
33583
33584
33585
33586
33587
33588
33589
33590
33591
33592
33593
33594
33595
33596
33597
33598
33599
33600
33601
33602
33603
33604
33605
33606
33607
33608
33609
33610
33611
33612
33613
33614
33615
33616
33617
33618
33619
33620
33621
33622
33623
33624
34818
34819
34820
34821
34822
34823
34824
34825
34826
34827
34828
34829
34830
34831
34832
34833
34834
34835
34836
34837
34838
34839
34840
34841
34842
34843
34844
34845
34846
34847
34848
34849
34850
34851
34852
34853
34854
34855
34856
34857
34858
34859
34860
34861
34862
34863
34864
34865
34866
34867
34868
34869
34870
34871
34872
34873
34874
34875
34876
34877
34878
34879
34880
34881
34882
34883
34884
34885
34886
34887
34888
34889
34890
34891
34892
34893
34894
34895
34896
34897
34898
34899
37860
37861
37862
37863
37864
37865
37866
37867
37868
37869
37870
37871
37872
37873
37874
37875
37876
37877
37878
37879
37880
37881
37882
37883
37884
37885
37886
37887
37888
37889
37890
37891
37892
37893
37894
37895
37896
37897
37898
37899
37900
37901
37902
37903
37904
37905
37906
37907
37908
37909
37910
37911
37912
37913
37914
37915
37916
37917
37918
37919
37920
37921
37922
37923
37924
37925
37926
37927
37928
37929
37930
37931
37932
37933
37934
37935
37936
37937
37938
37939
37940
37941
37942
37943
37944
37945
37946
37947
37948
37949
37950
37951
37952
37953
37954
37955
37956
37957
37958
37959
37960
37961
37962
37963
37964
37965
37966
37967
37968
37969
37970
37971
45034
45035
45036
45037
45038
45039
45040
45041
45042
45043
45044
45045
45046
45047
45048
45049
45050
45051
45052
45053
45054
45055
45056
45057
45058
45059
45060
45061
45062
45063
45064
45065
45066
45067
45068
45069
45070
45071
45072
45073
45074
45075
45076
45077
45078
45079
45080
45081
45082
45083
45084
45085
45086
45087
45088
45089
45090
45091
45092
45093
45094
45095
45096
45097
45098
45099
45100
45101
45102
45103
45104
45105
45292
45293
45294
45295
45296
45297
45298
45299
45300
45301
45302
45303
45304
45305
45306
45307
45308
45309
45310
45311
45312
45313
45314
45315
45316
45317
45318
45319
45320
45321
45322
45323
45324
45325
45326
45327
45328
45329
45330
45331
45332
45333
45334
45335
45336
45337
45338
45339
45340
45341
45342
45343
45344
45345
45346
45347
45348
45349
45350
45351
45352
45353
45354
45355
45356
45357
45358
45359
45360
45361
45362
45363
45364
45365
45366
45367
45368
45369
45370
45371
45372
45373
45374
45375
45376
45377
45378
45379
45380
45381
45382
45383
45384
45385
45386
45387
45388
45389
45390
45391
45392
45393
45394
45395
45396
45397
45398
45399
45400
45401
45402
45403
47408
47409
47410
47413
47449
47450
47453
47454
47470
47472
47473
47474
47475
47533
47534
47535
47536
47538
47539
47541
47542
47543
47544
47545
47554
47555
47556
47557
47559
47560
47561
47562
47563
47564
47565
47566
47567
47568
47569
47570
47571
47572
47573
47574
47589
47591
47592
47594
47702
47703
47766
47767
47768
47769
47770
47771
47772
47780
47781
47782
47783
47784
47785
47786
47825
47827
47829
47831
47849
47850
47851
47852
47853
47854
47855
47922
47923
47924
47925
47926
47927
47928
47998
47999
48000
48001
48002
48003
48004
48022
48023
48026
48027
48226
48227
48228
48229
48230
48231
48232
48863
48864
48865
48866
48867
48868
48869
48877
48879
48881
48883
48891
48892
48893
48894
48895
48896
48897
48898
48899
48900
48901
48902
48903
48904
48919
48920
48921
48922
48923
48924
48925
49013
49014
49015
49016
49017
49018
49019
49020
49021
49022
49023
49024
49025
49026
49114
49117
49119
49120
49121
49122
49123
49124
49125
49126
49127
49128
49130
49132
49134
49135
49138
49140
49141
49142
49144
49145
49146
49147
49148
49149
49150
49151
49152
49153
49154
49155
49156
49157
49158
49160
49161
49162
49163
49164
49165
49167
49168
49169
49170
49171
49172
49173
49174
49175
49176
49191
49193
49194
49195
49196
49197
49198
49199
49200
49201
49202
49203
49204
49205
49206
49207
49208
49209
49210
49211
49212
49213
49214
49215
49216
49217
49218
49219
49220
49221
49222
49223
49224
49225
49226
49227
49228
49230
49231
49232
49233
49234
49235
49236
49237
49238
49239
49240
49241
49243
49244
49245
49247
49248
49251
49252
49254
49256
49258
49260
49268
49270
49271
49272
49273
49274
49282
49284
49285
49286
49288
49289
49292
49294
49295
49310
49311
49312
49314
49316
49317
49318
49319
49320
49321
49322
49323
49324
49325
49328
49329
49338
49340
49342
49344
49352
49353
49356
49357
49366
49367
49368
49370
49372
49373
49375
49377
49379
49380
49383
49385
49386
49387
49389
49390
49391
49392
49393
49394
49395
49396
49398
49399
49400
49401
49402
49403
49404
49405
49406
49407
49408
49409
49410
49411
49412
49413
49414
49415
49416
49417
49419
49420
49421
49429
49430
49431
49433
49435
49436
49437
49438
49439
49440
49441
49442
49443
49444
49445
49446
49447
49448
49449
49450
49451
49454
49455
49457
49458
49460
49461
49462
49464
49465
49468
49469
49471
49473
49475
49477
50117
50118
50119
50120
50121
50122
50123
50124
50125
50126
50127
50128
50129
50130
50201
50202
50203
50204
50205
50206
50207
50215
50216
50217
50218
50219
50220
50221
50342
50344
50345
50346
50349
50350
50351
50354
50355
50356
50358
50360
50361
50362
50363
50364
50365
50367
50368
50370
50371
50372
50373
50374
50376
50379
50381
50382
50398
50399
50400
50401
50403
50405
50407
50408
50409
50412
50413
50414
50417
50488
50491
50492
50493
50495
50497
50498
50499
50500
50503
50504
50505
50508
50537
50539
50540
50542
50544
50546
50548
50550
50551
50552
50553
50554
50556
50557
50558
50561
50562
50563
50572
50573
50574
50576
50578
50580
50581
50582
50585
50705
50706
50707
50710
50728
50729
50730
50731
50733
50734
50735
50737
50738
50739
50740
50742
50743
50744
50745
50747
50748
50749
50751
50752
50753
50754
50756
50757
50758
50759
50760
50761
50762
50764
50766
50767
50768
50792
50794
50795
50796
50798
50799
50800
50801
50802
50803
50804
50805
50806
50807
50808
50809
50810
50811
50813
50814
50815
50818
50861
50862
50863
50864
50865
50866
50867
50869
50871
50872
50873
50875
50876
50877
50878
50879
50880
50881
50882
50883
50884
50885
50886
50887
50888
50889
50890
50891
50892
50893
50894
50895
50896
50897
50898
50899
50900
50901
50902
50903
50904
50905
50907
50908
50959
50960
50961
50962
50963
50964
50965
50966
50967
50968
50969
50970
50971
50972
50973
50974
50975
50976
50977
50978
50979
50980
50981
50982
50983
50984
50985
50986
50987
50988
50989
50990
50991
51013
51014
51015
51016
51017
51018
51019
51020
51021
51022
51023
51024
51025
51026
51027
51028
51029
51030
51031
51032
51033
51035
51036
51037
51038
51039
51040
51041
51042
51043
51044
51045
51046
51047
51048
51049
51050
51051
51052
51081
51082
51084
51085
51086
51087
51088
51089
51090
51091
51092
51093
51094
51095
51096
51097
51098
51099
51100
51101
51102
51103
51104
51105
51106
51107
51108
51109
51110
51111
51112
51113
51114
51115
51124
51125
51126
51129
51131
51132
51133
51134
51136
51137
51138
51139
51140
51142
51143
51144
51145
51146
51147
51149
51150
51152
51153
51154
51157
51159
51160
51161
51162
51164
51166
51167
51168
51169
51171
51173
51174
51175
51178
51180
51181
51182
51183
51185
51187
51188
51189
51192
51193
51194
51195
51196
51198
51199
51200
51201
51202
51203
51205
51206
51207
51208
51209
51210
51212
51213
51214
51215
51216
51217
51219
51220
51221
51223
51224
51226
51228
51230
51231
51232
51233
51235
51237
51238
51240
51242
51244
51245
51246
51247
51249
51251
51252
51253
51254
51256
51258
51259
51261
51263
51264
51265
51266
51268
51269
51270
51271
51272
51273
51275
51276
51277
51279
51280
51281
51282
51284
51286
51287
51289
51333
51334
51335
51336
51337
51338
51339
51361
51362
51363
51364
51365
51366
51367
51368
51369
51370
51371
51372
51373
51374
54267
54268
54270
54271
54272
54273
54274
54275
54277
54278
54279
54280
55427
55428
56127
56128
56130
56131
56132
56133
64739
64740
64741
64742
64743
64744
64745
64746
64747
64748
64749
64750
64751
64752
64753
64754
64755
64756
64757
64758
64759
64760
64761
64762
64763
64764
64765
64766
64767
64768
64769
64770
64771
64772
64773
64774
64775
64776
64777
64778
64779
64780
64781
64782
64783
64784
64785
64786
64787
64788
64789
64790
64791
64792
64793
64794
64795
64796
64797
64798
64799
64800
64801
64802
64803
64804
64805
64806
64807
64808
64809
64810
64811
64812
64813
64814
64815
64844
64845
64846
64847
64848
64849
64850
64851
64852
64853
64854
64855
64856
64857
64858
64859
64860
64861
64862
64863
64864
64865
64866
64867
64868
64869
64870
64871
64914
64915
64916
64917
64918
64919
64920
64921
64922
64923
64924
64925
64926
64927
64956
64957
64958
64959
64960
64961
64962
64963
64964
64965
64966
64967
64968
64969
65040
65041
65042
65043
65044
65045
65046
65047
65048
65049
65050
65051
65052
65053
65054
65055
65056
65057
65058
65059
65060
65061
65062
65063
65064
65065
65066
65067
65068
65069
65070
65071
65072
65073
65074
65075
65076
65077
65078
65079
65080
65081
65082
65083
65084
65085
65086
65087
65088
65089
65090
65091
65092
65093
65094
65095
65096
65097
65098
65099
65100
65101
65102
65103
65104
65105
65106
65107
65108
65109
65110
65111
65112
65113
65114
65115
65116
65117
65118
65119
65120
65121
65122
65123
65124
65125
65126
65127
65128
65129
65130
65131
65132
65133
65134
65135
65136
65137
65215
65216
65217
65218
65219
65220
65221
65264
65265
65266
65267
65268
65269
65270
65285
65286
65287
65288
65289
65290
65291
65292
65293
65294
65295
65296
65297
65298
65418
65419
65420
65421
65422
65423
65424
65439
65440
65441
65442
65443
65444
65445
65446
65447
65448
65449
65450
65451
65452
65453
65454
65455
65456
65457
65458
65459
65460
65461
65462
65463
65464
65465
65466
65467
65468
65469
65470
65471
65472
65473
65474
65475
65476
65477
65478
65479
65480
65481
65482
65483
65484
65485
65486
65487
65488
65489
65490
65491
65492
65493
65494
65495
65496
65497
65498
65499
65500
65501
65502
65503
65504
65505
65506
65507
65508
65558
65559
65560
65561
65562
65563
65564
65586
65587
65588
65589
65590
65591
65592
65593
65594
65595
65596
65597
65598
65599
65614
65615
65616
65617
65618
65619
65620
65628
65629
65630
65631
65632
65633
65634
65635
65636
65637
65638
65639
65640
65641
65649
65650
65651
65652
65653
65654
65655
65656
65657
65658
65659
65660
65661
65662
65670
65671
65672
65673
65674
65675
65676
65710
65747
65748
65749
65750
65751
65752
65753
65754
65755
65756
65757
65758
65759
65760
65775
65776
65777
65778
65779
65780
65781
65782
65783
65784
65785
65786
65787
65788
65810
65811
65812
65813
65814
65815
65816
65817
65818
65819
65820
65821
65822
65823
65849
65852
65853
65854
65855
65856
65857
65858
65873
65874
65875
65876
65877
65878
65879
65880
65881
65882
65883
65884
65885
65886
65943
65944
65945
65946
65947
65948
65949
65964
65965
65966
65967
65968
65969
65970
65999
66000
66001
66002
66003
66004
66005
66013
66014
66015
66016
66017
66018
66019
66027
66028
66029
66030
66031
66032
66033
66041
66042
66043
66044
66045
66046
66047
66055
66056
66057
66058
66059
66060
66061
66062
66063
66064
66065
66066
66067
66068
66083
66084
66085
66086
66087
66088
66089
66090
66091
66092
66093
66094
66095
66096
66097
66098
66099
66100
66101
66102
66103
66118
66119
66120
66121
66122
66123
66124
66132
66133
66134
66135
66136
66137
66138
66167
66168
66169
66170
66171
66172
66173
66188
66189
66190
66191
66192
66193
66194
66244
66245
66246
66247
66248
66249
66250
66286
66287
66288
66289
66290
66291
66292
66300
66301
66302
66303
66304
66305
66306
66307
66308
66309
66310
66311
66312
66313
66328
66329
66330
66331
66332
66333
66334
66363
66364
66365
66366
66367
66368
66369
66370
66371
66372
66373
66374
66375
66376
66377
66378
66379
66380
66381
66382
66383
66384
66385
66386
66387
66388
66389
66390
66405
66406
66407
66408
66409
66410
66411
66440
66441
66442
66443
66444
66445
66446
66447
66448
66449
66450
66451
66452
66453
66454
66455
66456
66457
66458
66459
66460
66496
66497
66498
66499
66500
66501
66502
66510
66511
66512
66513
66514
66515
66516
66538
66539
66540
66541
66542
66543
66544
66566
66567
66568
66569
66570
66571
66572
66573
66574
66575
66576
66577
66578
66579
66608
66609
66610
66611
66612
66613
66614
66636
66637
66638
66639
66640
66641
66642
66643
66644
66645
66646
66647
66648
66649
66664
66665
66666
66667
66668
66669
66670
66678
66679
66680
66681
66682
66683
66684
66720
66721
66722
66723
66724
66725
66726
66748
66749
66750
66751
66752
66753
66754
66755
66756
66757
66758
66759
66760
66761
66818
66819
66820
66821
66822
66823
66824
66825
66826
66827
66828
66829
66830
66831
)
;
}
)

// ************************************************************************* //
