/*--------------------------------*- C++ -*----------------------------------*\
  =========                 |
  \\      /  F ield         | OpenFOAM: The Open Source CFD Toolbox
   \\    /   O peration     | Website:  https://openfoam.org
    \\  /    A nd           | Version:  9
     \\/     M anipulation  |
\*---------------------------------------------------------------------------*/
FoamFile
{
    format      ascii;
    class       regIOobject;
    location    "constant/polyMesh";
    object      faceZones;
}
// * * * * * * * * * * * * * * * * * * * * * * * * * * * * * * * * * * * * * //

1
(
MRF
{
    type faceZone;
faceLabels      List<label> 
3420
(
1522
1535
1647
1649
1674
1780
1896
1912
1934
2064
2076
3113
3114
3118
3126
3259
3260
3342
3343
3451
3490
3569
3690
3692
3731
3732
3823
4641
4642
4643
4644
4648
4649
4653
4659
4740
4793
4794
4866
4867
4918
4923
4924
4925
4984
5031
5094
5096
5214
5216
5221
5222
5223
5250
5251
5252
5253
5255
5256
5263
5264
5265
5334
5340
6098
6101
6102
6110
6117
6119
6195
6223
6224
6292
6293
6338
6400
6433
6498
6500
6535
6608
6610
6628
6632
6633
6705
6711
7457
7460
7461
7466
7473
7475
7551
7579
7580
7645
7646
7688
7750
7783
7845
7847
7879
7952
7954
7972
7976
7977
8049
8055
8801
8804
8805
8810
8817
8819
8895
8923
8925
8989
8990
9030
9094
9124
9186
9188
9217
9290
9292
9310
9314
9315
9386
9393
10139
10142
10143
10148
10154
10156
10233
10274
10283
10284
10285
10286
10350
10352
10404
10410
10411
10412
10474
10501
10562
10565
10594
10667
10669
10692
10693
10694
10695
10696
10698
10769
10775
11534
11537
11538
11544
11555
11669
11742
11743
11781
11790
11791
11792
11854
11896
12003
12080
12082
12100
12101
12173
12179
12935
12937
12939
12945
12953
13035
13073
13074
13080
13081
13082
13143
13144
13145
13187
13252
13281
13350
13480
13482
13502
13503
13576
13582
14348
14349
14353
14437
14477
14478
14543
14544
14581
14647
14673
14742
14857
14889
14895
14897
14971
14977
14978
14979
14981
15724
15735
15736
15737
15743
15749
15751
15827
15858
15859
15924
15925
15965
16029
16063
16127
16129
16173
16248
16250
16275
16279
16280
16351
16358
17107
17108
17109
17110
17116
17117
17125
17130
17210
17211
17212
17213
17252
17318
17320
17363
17368
17369
17370
17435
17467
17530
17570
17571
17572
17573
17650
17681
17682
17683
17684
17685
17686
17690
17691
17692
17693
17694
17695
17767
17772
17773
17774
17779
18540
18541
18545
18553
18649
18655
18659
18665
18668
18740
18741
18748
18766
18772
18849
18858
18870
18876
18883
18949
18955
18966
18975
18981
19071
19075
19079
19091
19104
19105
19186
32832
32833
32862
32866
32880
32889
32902
32903
32906
32942
32948
32959
32967
32968
33004
33016
33020
33049
33085
33092
33116
33134
33135
33161
33162
33181
33296
33297
33305
33325
33338
33339
33388
33437
33462
33487
33488
33506
33519
33524
33547
33549
33554
33586
33620
33636
33638
33674
33675
33677
33682
33728
33736
33737
33757
33762
33766
34129
34145
34146
34147
34318
34320
34322
34342
34343
34344
34345
34347
34368
34380
34381
34388
34659
34660
34666
34681
34682
34717
34719
34721
34739
34740
34741
34742
34750
34754
34879
34880
34892
34901
34902
36888
36904
36905
36906
36907
36919
36920
36921
36922
36923
36929
37037
37041
37043
37058
37063
37077
37088
37089
37096
37208
37218
37233
37295
37302
37317
37318
37325
37357
37359
37360
37369
37377
37378
37380
37381
37382
37403
37416
37417
37439
37440
37446
37455
37457
37549
37561
37562
37582
37705
37707
37708
37718
37725
37726
37860
37861
37884
37898
37899
37903
37906
37918
37920
37924
37933
37967
37968
37971
37990
37991
37996
38003
38004
38022
38023
38029
38042
38142
38143
38152
38176
38177
38238
38244
38254
38257
38342
38347
38359
38362
38365
38372
38375
38392
38393
38394
38395
38396
38400
38401
38416
38421
38422
38423
38424
38425
38453
38460
38461
38462
38463
38464
38471
38483
38484
38486
38511
38512
38532
38541
38542
38767
38783
38792
38793
38804
38855
38856
38866
38877
38879
38891
38893
38895
38914
38915
38916
38917
38925
38929
39004
39009
39024
39025
39026
39027
39038
39054
39055
39056
39057
39067
39070
39073
39088
39092
39104
39120
39126
39310
39311
39339
39342
39382
39387
39396
39433
39434
39437
39443
39490
39493
39559
39565
39616
39640
39650
39654
39690
39691
39693
39702
39734
39742
39743
39745
39787
39800
39801
39839
39843
39867
39873
39955
39979
39987
39988
39992
40023
40040
40041
40073
40076
42317
42332
42335
42340
42351
42355
42358
42363
42381
42441
42451
42460
42532
42541
42585
42601
42647
42659
42665
42739
42754
42756
42758
42764
42806
42812
42820
42930
42943
42948
42951
42954
42963
42968
43005
43015
43021
43126
43142
43189
43194
43242
43276
43282
43287
43348
43361
43365
44062
44064
44065
44092
44095
44098
44121
44127
44128
44137
44142
44143
44167
44176
44177
44203
44204
44210
44221
44273
44274
44279
44291
44299
44376
44379
44380
44389
44393
44395
44508
44509
44510
44520
44865
44869
44882
44884
44998
45022
45038
45042
45052
45053
45055
45072
45080
45108
45110
45129
45133
45137
45905
45928
45929
45934
46046
46049
46051
46062
46063
46064
46065
46080
46081
46082
46083
46084
46173
46189
46190
46201
46329
46330
46339
46350
46351
46424
46426
46428
46439
46440
46441
46442
46458
46459
46460
46461
46462
46587
46588
46600
46606
46607
47022
47028
47037
47038
47042
47043
47044
47047
47056
47060
47072
47073
47075
47078
47079
47080
47081
47094
47098
47116
47117
47118
47119
47120
47122
47254
47267
47274
47275
47371
47408
47415
47523
47535
47540
47541
47542
47543
47546
47551
47563
47575
47576
47577
47578
47668
47671
47682
47683
47684
47685
47700
47701
47702
47703
47704
47763
47764
47765
47776
47816
47823
47829
47830
47831
47842
47894
47899
47903
47989
47990
47991
47992
47993
48006
48010
48023
48028
48029
48030
48031
48092
48104
48119
48120
48121
48122
48123
48128
48131
48150
48152
48165
48166
48168
48257
48258
48259
48364
48371
48376
48380
48383
48385
48395
48400
48563
48578
48579
48589
48688
48691
48694
48774
48776
48778
48792
48802
48803
48839
48841
48846
48850
48854
49044
49045
49046
49060
49068
49073
49132
49133
49149
49158
49451
49458
49459
49460
49461
49463
49466
49467
49480
49489
49511
49521
49618
49626
49632
49633
49642
49652
49653
49662
49668
49669
49761
49762
49763
49764
49774
49780
49781
49785
49792
49809
49810
49811
49814
49822
49828
49835
49836
49842
49843
49844
49845
49846
49847
49866
49867
49884
49885
49886
49887
49899
49902
49912
49927
49928
49935
49952
49971
49978
49979
49998
49999
50000
50001
50011
50012
50013
50014
50019
50027
50038
50040
50048
50049
50050
50051
50052
50053
50070
50102
50103
50104
50105
50111
50117
50125
50126
50127
50128
50147
50148
50149
50150
50151
50158
50173
50185
50195
50196
50212
50227
50242
50243
50252
50261
50277
50286
50287
50309
50310
50320
50336
50337
50344
50345
50346
50347
50358
50359
50360
50361
50366
50373
50385
50388
50406
50407
50408
50409
50419
50422
50425
50434
50435
50436
50437
50438
50439
50458
50480
50481
50482
50483
50484
50485
50486
50487
50496
50503
50516
50527
50545
50546
50552
50570
50572
50591
50598
50599
50613
50614
50615
50616
50629
50632
50635
50803
50804
50815
50816
50824
50829
50834
50835
50842
50843
50845
50850
50854
50861
50862
50865
50866
50868
50870
50872
50874
50875
50885
50888
50895
50929
50930
50941
50942
50947
50957
50966
50997
51006
51009
51039
51041
51043
51044
51053
51055
51056
51057
51064
51134
51143
51144
51145
51152
51154
51155
51283
51290
51294
51295
51298
51300
51301
51424
51425
51427
51433
51437
51441
51446
51450
51454
51462
51492
51499
51505
51562
51563
51565
51570
51576
51577
51578
51579
51583
51600
51601
52724
52736
52741
52751
52755
52761
52769
52771
52773
52777
52787
52789
52810
52821
52825
52843
52853
52857
52863
52875
52897
52912
52917
52927
52930
52932
52938
52944
52954
52958
52965
52971
52979
52982
52991
53006
53009
53014
53026
53029
53032
53037
53050
53052
53057
53063
53071
53074
53083
53087
53095
53096
53104
53115
53119
53122
53127
53139
53142
53163
53175
53178
53187
53200
53208
53218
53221
53271
53285
53292
53304
53306
53311
53321
53324
53325
53331
53340
53343
53345
53350
53363
53364
53370
53380
53383
53391
53404
53678
53688
53692
53718
53719
53726
53733
53745
53748
53752
53924
53927
53928
53930
53932
53942
53972
53973
53985
53988
54423
54428
54429
54437
54453
54454
54460
54467
54495
54497
54502
54508
54511
54513
54519
54521
54523
54525
54531
54537
54679
54684
54691
54702
54703
54704
54712
54742
54748
54750
54752
54753
54762
54765
56133
56134
56141
56148
56176
56179
56180
56188
56192
56193
56199
56204
56206
56209
56218
56230
56233
56234
56236
56238
56247
56290
56295
56298
56311
56315
56319
56478
56481
56483
56488
56489
56496
56502
56648
56651
56653
56656
56658
56668
56677
56682
56687
56695
56697
56698
56703
56708
56712
56714
56722
56723
56729
56735
56910
56913
56914
56918
56924
56925
56930
56937
57058
57061
57062
57068
57074
57145
57148
57153
57159
57161
57164
57190
57192
57193
57194
57198
57204
57208
57210
57215
57220
57221
57224
57255
57260
57264
57573
57574
57580
57586
57589
57591
57761
57762
57770
57773
57774
57782
57788
57790
57793
57794
57802
57804
57810
57815
57818
57823
57824
57825
57826
57827
57831
57835
57839
57840
57844
57845
57846
57850
57862
57868
57871
57872
57880
57882
57883
57889
57907
57910
57911
57919
57921
57927
57930
57933
57934
57942
57948
57952
57964
57970
57973
57974
57983
57991
57995
57998
58003
58004
58005
58006
58007
58012
58019
58021
58022
58027
58029
58030
58034
58037
58044
58045
58046
58047
58049
58053
58057
58061
58062
58066
58067
58068
58073
58079
58082
58083
58085
58087
58088
58092
58096
58101
58102
58107
58108
58110
58114
58126
58133
58135
58140
58145
58146
58147
58151
58156
58157
58159
58164
58168
58171
58175
58180
58181
58183
58188
58193
58194
58195
58199
58237
58249
58256
58258
58264
58267
58275
58281
58288
58290
58291
58296
58298
58299
58303
58309
58313
58314
58316
58317
58318
58323
58329
58332
58333
58335
58337
58338
58342
58350
58351
58352
58358
58359
58360
58363
58364
58366
58371
58376
58377
58378
58382
58387
58388
58390
58395
58399
58402
58406
67925
67926
67927
68009
68015
68023
68110
68111
68122
68138
68148
68184
68185
68186
68250
68258
68265
68266
68267
68276
68277
68459
68460
68461
68788
68789
68790
68803
68810
68813
68841
68842
68846
68847
68848
68857
68858
68867
68868
68869
68870
68876
68877
68879
68880
68881
68895
68896
68897
68908
68914
68928
68929
68930
68931
68933
68937
68938
68939
68941
68946
68951
68972
68973
68974
69021
69025
69027
69028
69029
69058
69059
69060
69082
69093
69095
69096
69097
69104
69172
69174
69175
69176
69180
69188
69213
69214
69215
69254
69255
69256
69294
69313
69322
69323
69324
69329
69330
69364
69366
69367
69368
69381
69382
69383
69384
69393
69399
69400
69406
69420
69421
69422
69424
69430
69432
69446
69447
69448
69449
69455
69456
69457
69466
69467
69468
69540
69541
69542
70210
70217
70220
70228
70235
70238
70320
70321
70330
70331
70333
70341
70342
70343
70379
70387
70392
70395
70396
70402
70416
70514
70519
70524
70525
70532
70537
70541
70547
70552
70662
70670
70675
70771
70777
70783
70887
70892
70897
70913
71001
71002
71010
71016
71017
71136
71139
71144
71149
71152
71157
71163
71169
71170
71274
71280
71286
71289
71291
71298
71308
71317
71320
71328
71329
71341
71343
71344
71346
71355
71357
71358
72693
72700
72703
72711
72718
72721
72803
72804
72813
72814
72816
72824
72825
72826
72862
72870
72875
72878
72879
72885
72899
72997
73002
73007
73008
73015
73020
73021
73027
73032
73139
73144
73149
73176
73182
73186
73289
73294
73299
73315
73326
73327
73332
73338
73339
73455
73458
73460
73465
73468
73473
73479
73485
73486
73590
73596
73602
73605
73607
73614
73624
73632
73634
73641
73642
73651
73653
73654
73656
73665
73667
73668
75003
75010
75013
75021
75028
75031
75113
75114
75123
75124
75126
75133
75134
75135
75169
75177
75182
75185
75186
75190
75206
75304
75308
75311
75312
75340
75347
75360
75361
75362
75363
75476
75481
75486
75671
75676
75681
75696
75741
75742
75747
75753
75754
75870
75873
75875
75880
75883
75888
75894
75900
75901
76005
76011
76019
76021
76034
76035
76052
76057
76058
76062
76071
76073
76074
76081
76082
76083
76199
76200
76201
77418
77425
77428
77435
77442
77443
77448
77449
77450
77516
77527
77529
77536
77537
77538
77586
77587
77588
77801
77802
77803
77863
77864
77865
77973
77974
77975
78062
78063
78068
78074
78075
78191
78194
78196
78201
78202
78203
78206
78208
78212
78221
78229
78239
78240
78241
78242
78341
78347
78355
78357
78375
78376
78377
78378
78379
78380
79715
79720
79721
79790
79798
79800
79807
79808
79809
80147
80154
80166
80186
80187
80188
80379
80385
80393
80395
81795
81796
81805
81806
81808
81809
81810
81811
81819
81831
81832
81833
81834
81854
81856
81857
81858
81962
81964
81965
81966
81971
81975
81987
81991
81995
82000
82004
82111
82112
82113
82138
82145
82147
82469
82470
82471
82488
82498
82502
82509
82513
82514
82515
82520
82521
82522
82523
82532
82543
82549
82553
82554
82555
82557
82578
82579
82588
82594
82724
82725
82726
83997
84008
84017
84022
84023
84029
84032
84046
84047
84048
84049
84051
84057
84062
84063
84064
84065
84071
84085
84183
84187
84191
84192
84229
84234
84240
84350
84355
84360
84494
84495
84496
84558
84559
84560
84749
84750
84760
84762
84763
84779
84780
84781
84782
84784
84785
84786
84820
84821
84822
84898
84899
84900
86117
86118
86119
86142
86149
86152
86234
86240
86254
86262
86267
86270
86274
86278
86293
86389
86393
86399
86400
86407
86412
86420
86531
86536
86541
86719
86724
86729
86747
86964
86965
86966
86967
86968
86972
86978
86980
86993
87002
87010
87011
87115
87116
87117
87131
87132
87140
87141
87142
87146
87155
87157
87158
88461
88462
88463
88495
88496
88497
88849
88850
88851
89059
89060
89061
89156
89157
89158
89532
89533
89534
90869
90871
90875
90896
90898
90902
91005
91010
91011
91046
91051
91052
91055
91057
91059
91063
91162
91167
91168
91200
91205
91207
91208
91215
91217
91219
91223
91320
91325
91326
91344
91349
91350
91367
91376
91378
91379
91460
91469
91471
91472
113369
113370
113385
113386
113399
113400
113402
113407
113410
113421
113425
113429
113443
113446
113451
113452
113457
113458
113463
113467
113475
113478
113482
113490
113494
113498
113503
113504
113509
113515
113518
113521
113524
113526
113535
113541
113552
113558
113562
113571
113574
113577
113580
113582
113584
113597
113610
113611
113624
113625
113627
113631
113635
113646
113651
113654
113668
113671
113678
113679
113681
113684
113686
113689
113696
113701
113712
113718
113722
113729
113732
113734
113738
113741
113753
113754
113761
113763
113772
113776
113782
113790
113794
113802
113804
113809
113813
113822
113823
113828
113833
113840
113842
113851
113854
113862
113864
113871
113872
113880
113883
113890
113894
113901
113904
113912
113915
113919
113928
113935
113938
113945
113948
113954
113956
113962
113963
113968
113975
113983
113987
113993
113995
113999
114004
114011
114013
114020
114024
114032
114035
114040
114043
114050
114051
114059
114067
114069
114075
114076
114081
114085
114088
114091
114092
114099
114105
114111
114114
114120
114122
114127
114138
114141
114144
114145
114151
114160
114163
114173
114175
114180
114182
114183
114189
114193
114196
114198
114200
114201
114206
114212
114231
114242
114245
114247
114255
114262
114268
114272
114282
114284
114290
114301
114304
114306
114314
114322
114323
114331
114334
114343
114351
114353
114361
114367
114369
114374
114375
114383
114385
114391
114394
114402
114404
114408
114410
114412
114413
114418
114424
114427
114429
114430
114436
114440
114678
114685
114688
114710
114714
114719
114765
114769
114772
114791
114798
114799
115876
115882
115884
115891
115899
115901
115908
115909
115920
115924
116058
116061
116064
116074
116075
116076
116083
116102
116103
116112
116115
116612
116621
116623
116624
116685
116694
116696
116697
116721
116730
116732
116733
116756
116765
116767
116768
116868
116877
116879
116880
116921
116930
116932
116933
118433
118441
118446
118447
118450
118461
118466
118468
118473
118480
118484
118486
118490
118496
118499
118500
118503
118509
118512
118513
118516
118524
118530
118533
118537
118550
118557
118559
118564
118570
118573
118574
118800
118807
118808
118810
118812
118815
119009
119012
119019
119022
119027
119029
119030
119033
119034
119502
119514
119517
119525
119528
119532
119539
119550
119553
119561
119566
119568
119801
119814
119816
119824
119827
119830
119909
119911
119914
119919
119921
119923
120029
120030
120037
120050
120293
120297
120298
120300
120312
120316
120317
120319
120321
120327
120330
120338
120340
120382
120393
120397
120399
120401
120425
120428
120434
120436
120460
120471
120475
120477
120479
120507
120510
120516
120518
120544
120548
120549
120550
120561
120565
120566
120567
120610
120613
120618
120619
163714
163717
163725
163732
163733
163736
163738
163857
163858
163859
163863
163866
163870
163872
163914
163919
163920
163923
163926
163927
163931
163940
164061
164064
164069
164070
164071
164075
164077
164078
164085
164087
164089
164092
164093
164096
164115
164118
164123
164124
164125
164129
164131
164190
164192
164197
164198
164200
164201
164202
164203
164206
164207
164799
164801
164802
164809
164811
164813
164814
165320
165321
165322
165326
165329
165333
165335
167338
167348
167353
167355
167356
167362
167367
167762
167765
167766
167768
167772
167782
167784
167795
167798
167799
167806
167808
167810
167811
167812
167817
167820
167822
167823
167825
167835
167840
167841
167842
167848
167851
167873
167878
167879
167880
167884
167885
167891
167896
167897
167900
167941
167942
167948
167952
167953
167954
168006
168009
168011
168012
168016
168017
168029
168030
168034
168038
168040
168041
168042
168048
168050
168054
168058
168062
168067
168069
168070
168076
168080
168102
168103
168104
168109
168112
168114
168116
168120
168130
168135
168138
168143
168146
168147
168150
168153
168155
168157
168162
168164
168165
168170
168176
168181
168185
168189
168200
168203
168207
168209
168213
168216
168229
168230
168235
168236
168240
168244
168245
168267
168269
168270
168276
168280
168296
168297
168298
168302
168305
168309
168311
168328
168330
168332
168333
168338
168341
168344
168347
168350
168351
168357
168359
168361
168362
168366
168369
168371
168374
168380
168383
168384
168388
168389
168394
168398
168406
168409
168410
168411
168413
168416
168417
168443
168447
168448
168450
168453
168470
168472
168474
168475
168480
168483
168486
168512
168513
168514
168517
168520
168523
168524
168529
168530
168534
168539
168540
168542
168546
168549
168551
168555
168556
168560
168563
168564
168565
168571
168573
168574
168576
168580
168582
168587
168588
169855
169861
169864
169865
169868
169876
169877
169878
170048
170056
170057
170058
170070
170076
170079
170080
170306
170310
170316
170319
170323
170325
170327
170329
170333
170334
170335
170338
170339
170341
170343
170346
170352
170356
170363
170364
170365
170368
170370
170377
170378
170381
170384
170385
170389
170390
170393
170395
170396
170398
170403
170407
170408
170424
170433
170435
170437
170445
170447
170450
170452
170454
170457
170461
170467
170471
170476
170478
170482
170487
170490
170493
170495
170500
170501
170631
170634
170638
170643
170645
170652
170656
170659
170661
170664
170668
170670
170675
170678
170681
170683
170688
170689
170723
170732
170734
170739
170743
170745
170747
170748
170757
170759
170760
170762
170766
170768
170773
170774
170779
170784
170785
170787
170789
170793
170796
170800
170803
170804
170822
170824
170826
170827
170832
170835
170838
170840
170844
170846
170848
170850
170854
170855
171051
171057
171060
171061
171062
171064
171065
171067
171069
171072
171105
171108
171113
171114
171115
171119
171121
171124
171129
171131
171133
171136
171137
171140
171144
171147
171152
171153
171154
171158
171160
171162
171164
171165
171174
171175
171177
171178
171190
171195
171199
171201
171202
171203
171204
171228
171233
171241
171244
171253
171255
171257
171262
171266
171268
171269
171270
171271
171292
171299
171300
171302
171303
171305
171307
171310
171422
171427
171431
171433
171434
171435
171436
171476
171477
171480
171481
171485
171489
171490
171705
171706
171714
171716
171792
171795
171796
171797
171805
171847
171851
171856
171861
171868
171869
171871
171872
171874
171880
171881
171888
171889
171892
171893
171895
171898
171903
171910
171911
171912
171915
171919
171927
171928
171930
171933
171936
171942
171943
171945
171946
171948
171952
171953
171960
171961
171964
171965
171968
171969
171973
171980
171981
171984
171985
171987
171990
171993
172000
172001
172003
172004
172006
172012
172013
172020
172021
172024
172025
172028
172029
172033
172040
172041
172043
172044
172046
172052
172057
172062
172063
172064
172068
172073
172078
172079
172080
172084
172087
172095
172096
172098
172101
172106
172114
172115
172117
172120
172125
172129
172131
172132
172133
172134
172137
172142
172147
172149
172151
172153
172155
172157
172162
172166
172168
172169
172170
172171
172174
172179
172184
172186
172188
172190
172192
172194
172199
172204
172206
172208
172210
172212
172214
172220
172224
172226
172227
172228
172229
172234
172241
172246
172247
172248
172252
172258
172263
172264
172266
172271
172274
172279
172281
172283
172285
172287
172289
172294
172298
172300
172301
172302
172303
172306
177365
177366
177367
177369
177375
177379
177382
177383
177385
177391
180629
180630
180631
180632
180640
198212
198221
198225
198227
198376
198380
198386
198388
198392
198396
198403
198404
198408
198411
198416
198417
198421
198424
198429
198430
198434
198439
198447
198449
198453
198456
198461
198462
198466
198469
198472
198473
198476
198477
198478
198537
198541
198546
198547
198550
198551
198552
198665
198671
198673
198675
198743
198749
198751
198753
198842
198848
198850
198852
199027
199035
199037
199039
199066
199072
199075
199076
199079
199085
199088
199089
199094
199097
199100
199101
199105
199106
199109
199146
199149
199154
199155
199156
199157
199158
199161
199167
199170
199171
199250
199255
199256
199330
199335
199338
199339
199344
199347
199351
199356
199362
199363
199371
199374
199375
199383
199386
199387
199402
199407
199408
199414
199419
199420
199473
199476
199477
199480
199482
199483
199489
199492
199495
199579
199586
199587
199588
199613
199616
199620
199655
199660
199661
199668
199671
199675
199696
199699
199701
199855
199862
199863
199864
199925
199928
199929
199930
200062
200070
200072
200104
200106
200109
200112
200214
200222
200223
200393
200396
200397
200432
200435
200436
200496
200501
200502
200526
200531
200532
)
;
flipMap         List<bool> 
3420
(
1
1
1
1
1
1
1
1
1
1
1
1
1
0
1
0
0
1
1
0
1
1
0
0
1
1
1
1
1
1
1
1
1
0
1
1
0
0
1
1
1
1
1
1
0
1
1
1
0
0
0
0
0
0
0
0
0
1
1
1
1
1
1
1
1
0
0
0
1
1
1
0
0
0
0
1
0
1
1
1
0
0
0
0
1
1
1
1
1
0
0
0
1
1
1
0
0
0
0
1
0
1
1
1
0
0
0
0
1
1
1
1
1
0
0
0
1
1
1
0
0
0
0
1
0
1
1
1
0
0
0
0
1
1
1
1
1
0
0
0
1
1
1
0
0
0
0
0
0
0
1
1
1
1
0
1
1
1
0
0
0
0
0
0
0
1
1
1
1
1
0
0
0
1
0
1
1
1
1
1
1
0
1
0
0
0
1
1
1
1
1
0
0
0
1
1
0
0
0
0
0
0
0
0
1
0
1
1
0
0
1
1
1
1
1
1
0
1
0
0
0
0
1
0
1
1
0
0
1
1
1
1
1
1
1
1
0
0
0
0
1
1
1
0
0
0
0
1
0
1
1
1
0
0
0
0
1
1
1
1
1
1
1
1
0
0
0
1
1
1
1
1
0
0
0
1
1
1
1
0
1
1
0
0
0
0
0
0
0
0
0
1
1
1
1
1
1
1
1
1
1
1
1
1
1
1
0
1
0
0
0
0
0
1
1
0
0
0
0
0
0
0
1
1
0
0
0
0
0
0
0
0
1
1
1
1
1
1
0
1
1
1
1
0
1
1
0
1
1
1
0
0
1
0
1
0
1
1
1
1
0
1
1
0
0
1
1
1
1
0
1
1
1
0
0
1
0
0
1
0
1
1
1
1
0
1
0
1
1
0
0
1
0
1
1
0
1
0
0
0
0
0
0
1
0
1
1
0
1
1
0
1
1
0
0
1
0
0
0
0
0
0
1
1
0
1
1
0
0
0
0
0
0
0
0
0
0
1
1
1
0
1
1
0
1
1
0
0
0
0
0
0
0
0
0
1
1
1
0
1
1
1
1
1
0
1
1
0
0
1
0
0
0
1
1
0
1
1
1
0
1
1
1
1
0
1
1
0
1
0
0
1
0
1
1
0
1
1
0
1
1
0
0
1
0
1
1
0
1
1
0
1
0
0
1
0
1
0
0
0
1
0
0
0
0
0
0
1
1
0
0
0
0
0
1
0
0
0
0
0
0
1
1
0
1
1
0
0
0
0
0
0
0
0
1
1
0
0
0
0
0
1
0
0
0
0
0
0
1
0
0
0
0
0
0
1
1
1
1
1
1
0
1
1
0
0
0
1
1
1
0
0
0
0
1
1
0
0
0
0
0
1
1
0
0
0
1
1
0
0
0
1
1
0
0
1
1
0
0
1
0
1
0
1
1
0
0
1
1
0
1
1
1
1
1
1
1
1
1
1
1
1
1
1
1
1
1
1
1
1
1
1
1
1
1
1
1
1
1
1
1
1
1
1
1
1
1
1
1
1
1
1
1
1
1
1
1
1
1
1
0
0
1
0
0
0
1
1
0
1
1
0
0
0
0
0
1
0
0
0
1
0
1
0
0
1
0
0
0
0
1
1
0
1
0
1
0
1
1
1
1
1
1
0
0
0
0
1
0
0
1
0
0
0
0
1
1
0
1
1
1
1
0
0
0
0
1
0
0
0
0
1
1
0
0
0
0
0
1
0
0
0
0
1
1
1
1
0
1
1
0
0
0
0
0
0
0
0
0
0
0
0
0
0
0
0
1
1
1
1
0
1
0
0
0
0
0
0
0
0
0
0
0
0
1
1
0
0
0
0
0
1
1
0
0
0
0
0
1
1
1
1
1
1
0
0
0
0
1
0
1
1
0
0
0
0
0
0
0
0
0
0
0
0
0
0
1
0
1
0
0
0
0
0
1
0
0
0
0
0
1
0
0
0
0
0
0
0
1
1
1
0
0
0
0
0
1
1
0
0
0
0
0
0
0
0
1
1
1
0
1
1
0
0
1
1
0
1
1
1
0
0
0
1
1
0
0
0
0
0
0
0
1
1
1
0
0
0
0
0
0
0
0
0
0
0
0
0
0
0
0
0
0
1
0
0
0
1
0
0
0
0
0
0
1
1
1
1
1
1
1
1
1
1
0
0
0
0
1
0
0
1
1
0
0
0
1
1
1
1
1
1
0
0
0
0
0
1
0
0
1
1
1
1
1
1
1
0
0
0
0
0
1
1
1
1
1
0
0
0
0
1
0
1
0
1
1
0
0
1
1
0
0
0
1
1
0
0
0
1
1
0
0
0
0
1
1
1
1
0
1
0
0
1
1
1
1
1
0
0
1
1
1
1
1
1
1
0
0
0
0
1
1
1
1
1
0
1
0
1
1
0
0
0
0
1
1
1
1
1
1
0
0
1
1
1
1
1
0
0
1
1
0
0
0
0
0
0
0
0
0
0
0
0
0
1
1
0
0
1
1
1
1
0
0
0
0
0
0
0
0
0
1
0
0
0
0
0
0
0
1
1
0
0
0
0
0
0
0
0
0
0
0
0
0
1
1
0
0
0
0
0
0
0
0
0
0
0
1
0
0
0
0
0
1
1
1
1
1
1
1
1
1
1
1
1
1
1
1
1
1
1
1
1
1
1
1
1
1
1
1
1
0
0
0
0
0
0
0
0
1
1
1
1
1
1
1
1
1
1
0
0
0
0
0
0
0
0
1
1
1
1
1
1
1
1
1
1
1
1
1
1
1
1
1
1
1
1
1
1
1
1
1
1
1
1
1
1
1
1
1
1
1
1
0
0
0
1
1
0
0
0
0
0
0
0
0
0
1
0
1
1
0
0
0
1
1
0
1
1
0
0
0
0
1
0
0
0
0
0
0
0
1
0
0
0
0
0
1
1
0
0
0
0
1
1
0
0
1
1
0
0
0
0
1
0
0
0
0
0
1
1
0
0
0
0
0
1
0
0
0
0
0
0
0
0
0
0
1
1
0
0
0
0
0
0
1
0
0
0
0
0
1
1
0
0
0
0
1
1
0
0
0
1
1
0
1
1
0
0
0
0
1
1
0
0
0
1
0
0
0
0
0
0
0
1
0
0
0
1
0
0
0
0
0
0
0
0
1
0
0
0
1
1
0
0
1
1
0
0
0
1
0
0
0
0
0
0
0
0
0
0
0
0
1
1
0
0
0
1
1
0
0
1
0
0
0
0
0
0
1
0
0
0
0
0
1
1
0
1
1
0
0
1
1
0
0
0
0
0
0
0
0
0
0
1
1
0
0
0
0
0
0
0
0
0
0
0
0
1
1
0
0
0
0
0
0
0
0
0
0
0
0
1
1
0
0
0
1
1
0
0
1
0
0
0
0
0
0
0
1
1
0
0
0
0
0
1
0
0
0
0
1
1
0
0
1
1
0
0
0
1
1
0
0
0
0
0
0
0
0
0
0
0
0
0
0
0
0
0
0
0
1
1
0
0
0
0
0
0
1
0
0
0
0
0
0
0
1
1
0
0
1
1
1
0
0
0
1
1
0
0
0
1
1
1
1
1
1
1
1
1
1
1
1
1
1
1
1
1
1
1
1
1
1
1
1
1
1
0
0
0
0
1
1
1
1
1
0
0
0
0
1
0
0
0
0
0
0
0
0
1
1
0
1
1
1
1
1
1
1
1
1
1
1
0
0
0
0
0
0
1
1
1
1
1
1
0
0
0
1
1
1
0
0
1
1
1
0
0
1
1
1
1
0
0
0
0
1
0
0
1
0
0
0
0
0
0
1
1
1
1
0
0
0
1
1
1
1
1
1
1
1
1
1
1
1
1
1
1
1
1
1
1
1
0
1
0
1
1
0
1
1
1
1
1
0
1
0
0
1
1
1
1
0
0
0
1
1
1
0
0
0
0
0
0
1
0
1
1
0
0
0
0
0
1
0
1
0
0
1
0
0
0
0
0
0
0
0
0
0
0
0
1
1
1
1
1
1
1
1
1
1
1
1
1
1
0
1
0
1
1
0
1
1
1
1
1
0
1
0
0
1
1
1
1
0
0
0
1
1
1
0
0
0
0
0
0
1
0
1
1
0
0
0
0
0
1
0
1
0
0
1
0
0
0
0
0
0
0
0
0
0
0
0
1
1
1
1
1
1
1
1
1
1
1
1
1
1
0
1
0
1
1
0
1
1
1
1
1
0
0
0
0
0
0
1
1
1
1
1
1
0
0
0
0
0
0
1
0
1
1
0
0
0
0
0
1
0
0
0
0
0
0
0
0
0
0
0
0
1
1
1
1
1
1
1
1
1
1
1
1
1
1
1
1
1
1
1
1
1
1
1
1
1
1
1
1
1
1
1
1
1
0
0
0
0
0
1
0
1
1
1
1
1
0
0
0
0
1
1
1
1
1
0
0
0
1
1
1
1
1
1
1
1
1
1
1
1
1
1
1
0
0
0
1
1
1
1
0
0
0
1
1
1
1
1
1
1
1
1
0
0
0
0
1
1
1
1
1
1
1
1
1
1
0
1
0
0
1
1
1
1
0
0
0
1
1
1
1
0
1
0
0
0
0
0
0
0
0
1
0
0
0
0
0
0
1
1
0
0
1
1
1
1
1
0
1
1
0
1
0
0
0
0
0
1
1
1
1
1
0
1
1
1
1
1
0
0
0
1
1
1
1
1
1
1
1
1
0
0
0
0
0
1
1
1
1
0
0
0
1
1
1
1
1
1
1
1
1
1
1
1
1
1
0
1
0
1
1
0
1
1
1
1
1
0
0
0
1
1
1
1
1
1
0
1
1
1
1
0
1
1
0
0
0
0
0
1
1
1
0
0
0
0
0
0
0
0
0
1
1
1
1
1
1
1
1
1
1
1
1
1
1
1
1
1
1
0
0
0
0
0
0
0
0
0
0
0
0
0
0
0
0
0
0
0
0
0
0
0
0
0
0
0
0
0
0
0
0
0
0
0
0
0
0
0
0
0
1
1
1
1
1
1
0
1
1
0
0
1
0
0
0
0
1
1
0
0
0
0
0
0
0
0
1
1
0
0
0
0
1
1
0
1
1
0
0
0
0
0
0
0
1
1
1
1
1
1
0
0
1
0
1
1
0
0
0
0
0
0
0
1
0
1
1
0
0
0
0
0
1
1
1
1
0
0
0
0
0
0
0
0
0
0
0
0
0
0
0
0
0
0
0
0
0
1
1
0
0
0
0
0
0
0
0
0
0
0
0
0
0
0
0
1
1
0
0
0
0
0
0
0
0
0
0
0
0
0
0
0
0
0
0
0
0
0
1
1
0
0
0
0
1
1
0
0
0
0
0
1
1
0
0
0
1
0
0
0
0
0
0
1
1
0
0
0
0
0
1
0
1
0
0
0
1
0
0
0
0
0
1
1
0
1
1
1
1
0
0
0
0
0
0
0
0
1
1
0
0
0
0
0
0
0
0
0
0
1
0
0
0
1
1
0
0
0
0
0
0
0
0
0
0
0
0
0
0
0
0
0
0
0
1
1
0
0
0
0
0
0
1
1
0
1
1
0
0
0
0
0
0
0
0
0
0
0
0
0
0
0
0
0
0
0
0
0
0
0
0
0
0
0
0
0
0
0
0
0
0
0
0
0
0
0
0
0
0
0
0
0
0
0
0
0
0
0
0
0
0
0
0
0
0
1
0
0
0
0
0
0
0
0
1
0
0
0
0
0
0
0
0
0
0
0
0
0
0
0
0
0
0
0
0
0
0
0
0
0
1
0
0
0
1
1
0
0
0
0
0
0
0
0
0
0
0
1
1
1
1
0
0
0
0
0
1
1
1
1
0
0
0
0
0
1
1
1
1
0
0
0
0
0
0
0
0
1
1
1
1
1
1
1
0
0
0
1
0
0
0
1
1
0
0
1
0
0
0
0
0
1
1
0
0
1
1
1
0
0
1
0
0
0
0
0
1
0
0
1
1
1
0
0
0
1
0
0
0
0
0
1
1
0
0
0
1
0
1
0
0
0
0
0
1
1
0
0
1
1
0
0
1
1
1
0
0
0
1
1
0
0
0
0
1
0
1
1
0
0
0
0
1
1
1
0
1
1
1
0
0
0
0
1
1
0
0
0
1
1
0
1
1
0
0
0
0
0
0
1
1
0
0
0
0
1
1
0
0
0
0
0
1
1
0
0
0
1
1
0
1
1
1
0
0
0
0
1
1
0
1
0
0
1
0
0
1
1
0
0
0
1
1
1
1
1
1
0
0
0
1
1
0
0
0
1
1
0
0
0
0
1
1
0
0
0
0
1
1
0
0
0
0
0
0
1
1
0
0
0
1
0
1
0
0
0
0
1
1
0
0
0
1
1
0
0
0
0
1
1
1
0
0
0
1
1
1
0
0
0
0
0
1
1
0
0
0
0
1
1
0
1
0
0
1
0
0
0
1
0
0
0
1
1
1
0
0
0
0
1
1
0
1
0
0
0
0
0
0
0
0
0
0
0
0
0
0
0
0
0
0
1
1
0
1
0
0
0
1
0
0
0
0
0
0
1
1
0
0
1
1
1
0
1
0
0
0
0
0
1
0
0
1
1
1
0
0
0
1
1
1
1
0
0
0
0
0
1
1
1
0
0
0
1
0
0
0
1
0
0
1
1
0
0
0
1
0
0
0
0
1
1
0
0
0
1
0
0
1
1
1
1
0
0
0
1
0
0
1
1
0
1
0
0
0
1
1
1
0
1
1
0
0
0
0
0
0
0
1
1
0
1
0
0
0
1
0
0
1
0
0
0
0
0
0
1
1
0
0
0
1
1
1
0
0
1
0
0
0
0
0
1
0
0
1
1
1
0
0
0
0
1
0
0
0
1
1
1
0
0
0
0
0
1
1
1
1
1
1
1
1
0
0
0
0
0
1
0
0
0
0
1
1
0
1
1
0
0
0
0
0
0
0
0
0
1
1
0
1
1
0
0
0
1
1
1
0
1
1
1
1
0
0
0
0
1
0
1
0
0
0
0
0
1
0
1
1
1
0
0
1
1
1
0
1
0
0
0
0
1
0
1
0
0
0
0
0
1
1
0
0
0
0
0
1
1
0
0
0
0
1
0
1
0
0
0
0
0
1
1
0
0
0
0
1
0
0
1
1
1
0
0
1
1
1
0
0
1
1
1
0
0
1
1
1
0
1
0
0
0
0
1
0
1
0
0
0
0
0
1
1
0
0
0
0
1
0
1
0
0
0
0
0
1
1
0
0
0
0
0
1
1
0
0
0
0
1
0
0
1
1
1
0
0
1
1
1
0
1
0
0
0
0
0
1
1
0
0
0
0
1
0
0
1
1
1
0
0
1
1
1
0
0
1
1
1
0
0
0
0
0
0
0
0
0
0
0
0
0
0
0
0
0
0
0
0
0
0
0
0
0
0
0
0
0
0
0
0
0
0
0
0
0
0
0
0
0
0
0
0
0
0
0
0
0
0
0
1
1
1
1
0
0
0
0
0
0
0
0
0
0
0
0
0
0
0
0
0
0
0
0
0
0
0
0
0
0
0
0
0
0
0
0
0
0
0
0
0
1
1
1
0
0
0
0
0
0
1
1
1
0
0
0
1
1
1
1
1
1
1
1
1
1
1
1
1
1
1
1
1
1
1
0
0
0
1
1
1
1
1
1
1
1
1
1
0
0
0
0
1
1
1
0
0
0
0
1
1
1
1
1
1
0
0
0
1
1
1
0
0
0
)
;
}
)

// ************************************************************************* //
